A	T	C	G
0.178	0.421	0.166	0.235
0.174	0.502	0.162	0.162
0.202	0.405	0.206	0.186
0.105	0.518	0.255	0.121
0.097	0.538	0.259	0.105
0.065	0.433	0.449	0.053
0.065	0.421	0.462	0.053
0.13	0.526	0.296	0.049
0.215	0.51	0.231	0.045
0.308	0.397	0.162	0.134
0.425	0.283	0.215	0.077
0.348	0.243	0.332	0.077
0.287	0.3	0.32	0.093
0.227	0.279	0.3	0.194
0.231	0.336	0.271	0.162
0.211	0.308	0.271	0.211
0.231	0.279	0.287	0.202
0.13	0.377	0.344	0.15
0.158	0.372	0.275	0.194
0.109	0.368	0.502	0.02
0.955	0.008	0.008	0.028
0.036	0.069	0.769	0.126
