A	T	C	G
0.19	0.454	0.228	0.128
0.151	0.413	0.313	0.123
0.103	0.423	0.352	0.121
0.109	0.463	0.363	0.066
0.105	0.491	0.361	0.043
0.176	0.429	0.335	0.06
0.265	0.416	0.246	0.073
0.288	0.406	0.226	0.08
0.299	0.347	0.244	0.11
0.317	0.281	0.262	0.141
0.308	0.31	0.256	0.126
0.267	0.311	0.278	0.144
0.253	0.315	0.283	0.149
0.226	0.352	0.258	0.164
0.222	0.343	0.262	0.173
0.263	0.322	0.26	0.155
0.208	0.331	0.302	0.158
0.194	0.361	0.349	0.096
0.198	0.358	0.31	0.135
0.109	0.19	0.683	0.018
1.0	0.0	0.0	0.0
0.0	0.0	0.0	1.0
