A	T	C	G
0.226	0.371	0.25	0.153
0.213	0.382	0.255	0.151
0.2	0.396	0.256	0.149
0.181	0.409	0.261	0.149
0.163	0.427	0.267	0.143
0.146	0.446	0.269	0.138
0.134	0.456	0.274	0.136
0.123	0.467	0.282	0.129
0.115	0.485	0.277	0.123
0.105	0.502	0.276	0.118
0.097	0.519	0.277	0.107
0.089	0.551	0.258	0.102
0.091	0.519	0.281	0.109
0.101	0.492	0.292	0.115
0.113	0.464	0.319	0.104
0.118	0.46	0.328	0.094
0.092	0.504	0.338	0.066
0.099	0.545	0.289	0.067
0.24	0.28	0.269	0.21
0.063	0.286	0.644	0.007
1.0	0.0	0.0	0.0
0.0	0.0	0.0	1.0
