A	T	C	G
0.213	0.334	0.262	0.192
0.236	0.335	0.239	0.19
0.204	0.369	0.236	0.191
0.202	0.358	0.253	0.187
0.153	0.369	0.294	0.184
0.201	0.395	0.246	0.159
0.188	0.375	0.243	0.194
0.18	0.364	0.285	0.172
0.173	0.427	0.271	0.13
0.161	0.397	0.278	0.164
0.152	0.436	0.247	0.165
0.146	0.433	0.265	0.155
0.15	0.422	0.248	0.18
0.126	0.435	0.267	0.172
0.147	0.385	0.307	0.161
0.15	0.389	0.315	0.146
0.131	0.375	0.361	0.133
0.139	0.437	0.293	0.132
0.235	0.295	0.243	0.227
0.147	0.315	0.451	0.086
0.53	0.196	0.122	0.152
0.127	0.155	0.165	0.552
